% All user aggregates
% This is a text file, to be edited manually.
% Paste aggregate summaaries into here.
% Note that a single user's data can appear multiple times; only the largest valid summary is used.
30,Amaz1ngK1tten,0,2,6,5,7,4,1,0
SING60,Amaz1ngK1tten,1,2,0,1,2,1,1,0,0,1,0,1,0,1,1,0,0,2,0,1,0,0,1,0,0,1,1,2,0,0,0,1,0,1,2,1,2,0,0,0,0,1,0,2,0,0,1,1,1,0,1,2,0,1,1,1,0,1,1,1
BRAWL,Amaz1ngK1tten,0,2,1,0,2,0,1,0,0,1,3,1,2,1,0,3,1,2,0,1,1,1,1,3,1,3,1,1,1,1,1,0,2,0,1,0,1,1,0,1,0,3,2,1,0,2,1,2,1,0,0,0,0,0,1,4,2,0,2
% Put a small summary to help test that we ignore them.
30,Amaz1ngK1tten#1,0,0,0,0,0,1,0,0=1
30,Amaz1ngK1tten1,this,line,will,trigger,an,error,for,testing
# ------------------------------------- Manually added
30,Proof,0,2,3,8,7,2,0,0
30,FC_Mark,0,1,3,6,3,3,2,0
30,Ragnoraok,0,16,57,99,84,44,12,3

# Put my latest at the end
SING60,Amaz1ngK1tten,1,2,0,1,2,1,1,0,0,1,0,1,0,1,1,0,0,2,0,1,0,0,1,0,0,1,1,2,0,0,0,1,0,1,2,1,2,0,0,0,0,1,0,2,0,0,1,1,1,0,1,2,0,1,1,1,0,1,1,1=6
# Deprecated...
# BRAWL,Amaz1ngK1tten,0,2,1,0,2,0,1,0,0,1,3,1,2,1,0,3,1,2,0,1,1,1,1,3,1,3,1,1,1,1,1,0,2,0,1,0,1,1,0,1,0,3,2,1,0,2,1,2,1,0,0,0,0,0,1,4,2,0,2=9
# 30,Amaz1ngK1tten,0,4,9,5,6,3,1,0=28
30MULL,Amaz1ngK1tten,0,5,20,18,20,12,3,1=79
POS40,Amaz1ngK1tten,1,2,0,0,0,0,0,0,2,0,1,1,0,0,0,1,1,0,0,0,0,0,0,0,0,0.5,0.5,0.5,0.5,0.5,0.5,0.5,0.5,0.1,0.1,0.1,0.1,0.1,0.1,0.1=2
POS40MULL,Amaz1ngK1tten,1,2,0,0,0,0,0,0,2,0,1,1,0,0,0,1,1,0,0,0,0,0,0,0,0,0.5,0.5,0.5,0.5,0.5,0.5,0.5,0.5,0.1,0.1,0.1,0.1,0.1,0.1,0.1=2
POS59,Amaz1ngK1tten,0,2,1,0,2,0,1,0,0,2,3,1,2,1,0,3,1,2,0,1,1,1,1,3,1,3,2,1,1,1,1,0,2,0,2,0,1,1.2,0.2,1.2,0.2,3.2,2.2,1.2,0.2,2.2,1.2,2.2,1.2,0.2,0.2,0.2,0.2,0.2,1.2,4.2,2.2,0.2,2.2=10
POS59MULL,Amaz1ngK1tten,0,3,1,3,2,0,3,0,0,4,3,2,3,1,1,3,3,2,0,2,1,1,1,4,1,3,3,1,2,3,2,0,4,1,2,1,3,1.3,0.3,2.3,1.3,4.3,5.3,1.3,1.3,2.3,2.3,2.3,2.3,1.3,0.3,0.3,0.3,0.3,2.3,4.3,2.3,1.3,3.3=16
POS60,Amaz1ngK1tten,12.1,12.1,10.1,12.1,8.6,7.6,7.2,7,8.5,9.5,9.7,10.7,10,10.4,10.4,7.7,7.2,9.9,8.2,8.2,7.9,7.9,10.7,8.5,8.4,7.9,8.9,9.1,7.7,7.5,8.6,11.3,10.1,10.4,9,7.7,9.7,10.4,9.9,7.6,9.6,7.6,6.6,9.6,8.6,8.1,9.1,10.1,8.6,6.3,7.3,8.3,6.9,7.9,7.9,9.9,6.9,8.4,9.3,8.2=76
POS60MULL,Amaz1ngK1tten,19.6,20.6,18.6,19.2,16.2,15.2,14.9,14.9,17.6,19.6,18.5,19.5,17.6,18.2,18.2,15,14.5,16.7,16,16,16.9,16.9,20.1,16.7,17.6,16.3,16.3,16.7,15,14.8,16.1,19.7,22,20.6,16,15.7,16.7,18.6,20.6,17.6,20.1,16.6,15.6,19.1,18.1,16.9,17.9,18.3,18,14.3,16.3,16.3,14.7,15.7,16.7,18.2,15.4,16.9,16.5,16.8=148
